1989          0.06132137
1990          0.55518365
1991          2.77636957
1992          6.40767336
1993         12.07578182
1994         17.81465149
1995         25.10816956
1996         31.84824944
1997         39.95239639
1998         47.21393204
1999         55.74253082
2000         63.27360535
2001         72.01117706
2002         79.66535950
2003         88.48229980
2004         96.12981415
2005        104.23507690
2006        112.42984009
2007        121.48239899
2008        128.94383240
2009        136.33720398
2010        143.30400085
2011        150.57289124
2012        158.84170532
2013        166.22653198
2014        174.13999939
2015        182.96549988
2016        191.41896057
2017        199.53552246
2018        208.75935364
2019        217.97700500
2020        226.65000916
2021        234.76234436
