1989          0.59911019
1990          5.42414522
1991         27.12516022
1992         62.60301590
1993        117.98046112
1994        174.04920959
1995        245.30693054
1996        311.15737915
1997        390.33520508
1998        461.28051758
1999        544.60449219
2000        618.18322754
2001        703.55004883
2002        778.33178711
2003        864.47308350
2004        939.18981934
2005       1018.37823486
2006       1098.44030762
2007       1186.88391113
2008       1259.78283691
2009       1332.01696777
2010       1400.08435059
2011       1471.10192871
2012       1551.88781738
2013       1624.04040527
2014       1701.35632324
2015       1787.58203125
2016       1870.17004395
2017       1949.46972656
2018       2039.58874512
2019       2129.64648438
2020       2214.37890625
2021       2293.63818359
