1994          0.03783253
1995          0.17097349
1996          0.33497238
1997          0.54288870
1998          0.73855156
1999          0.96945995
2000          1.17881966
2001          1.41974139
2002          1.63500035
2003          1.87947488
2004          2.09648132
2005          2.34747887
2006          2.65143323
2007          2.99359846
2008          3.26051164
2009          3.52289295
2010          3.77016735
2011          4.06311083
2012          4.33672523
2013          4.58008718
2014          4.80480528
2015          5.03524876
2016          5.30674553
2017          5.59497213
2018          5.86860371
2019          6.11137486
2020          6.36008167
2021          6.54887629
2022          6.64428425
2023          6.77826309
