1994          0.36962345
1995          1.67041099
1996          3.27268124
1997          5.30402946
1998          7.21564960
1999          9.47162056
2000         11.51706028
2001         13.87087345
2002         15.97395897
2003         18.36246681
2004         20.48257446
2005         22.93482208
2006         25.90444565
2007         29.24737549
2008         31.85509872
2009         34.41859055
2010         36.83449173
2011         39.69657135
2012         42.36981583
2013         44.74752426
2014         46.94300079
2015         49.19446945
2016         51.84696579
2017         54.66289520
2018         57.33626556
2019         59.70821762
2020         62.13806915
2021         63.98268127
2022         64.91479492
2023         66.22378540
